0,506
0,505
0,504
0,503
0,502
0,501
0,500
51,35
0,499
0,498
66,3
66,2
0,497
66,1
66,0
0,496
0,495
0,494
65,3
65,2
0,493
65,1
65,0
0,492
0,491
0,490
64,3
64,2
64,1
64,0
0,489
0,488
63,3
63,2
63,1
63,0
0,487
0,486
0,485
0,484
62,3
62,2
0,483
62,1
62,0
0,482
61,3
61,2
61,1
61,0
60,3
60,2
60,1
60,0
59,3
59,2
59,1
59,0
58,3
58,2
58,1
58,0
57,3
57,2
57,1
57,0
0,481
0,480
0,479
0,478
0,477
0,476
0,475
0,474
0,473
0,472
0,471
0,243
0,470
0,469
56,3
56,2
0,468
56,1
56,0
0,467
0,466
0,465
0,464
0,463
55,3
55,2
0,462
55,1
55,0
0,461
0,460
0,459
0,458
0,457
0,456
0,455
0,454
0,453
0,452
0,451
0,450
0,449
0,448
0,447
0,446
0,445
0,444
0,443
0,442
0,278
0,441
0,440
0,439
0,438
0,437
